 88
 69
 66
 25
 29
 19
 54
 45
 43
 86
 63
  6
 82
 28
 49
100
 59
 68
 42
 75
 80
 10
 71
 81
 47
 98
 33
 89
 41
 13
 53
 14
 91
 72
 52
 36
 83
 20
 60
 37
  1
 27
 22
 58
 38
 99
 95
 93
 39
  4
 48
 78
 24
 34
 55
  8
 84
 18
 85
 12
 32
 73
 17
 31
 11
  3
 56
 26
 40
  5
 74
 61
 79
 96
 51
 92
 44
 50
 97
 30
 64
 21
  7
 16
 70
 76
  9
 65
 88
 69
 66
 25
 29
 19
 54
 45
 43
 86
 63
  6
 82
 28
 49
100
 59
 68
 42
 75
 80
 10
 71
 81
 47
 98
 33
 89
 41
 13
 53
 14
 91
 72
 52
 36
 83
 20
 60
 37
  1
 27
 22
 58
 38
 99
 95
 93
 39
  4
 48
 78
 24
 34
 55
  8
 84
 18
 85
 12
 32
 73
 17
 31
 11
  3
 56
 26
 40
  5
 74
 61
 79
 96
 51
 92
 44
 50
 97
 30
 64
 21
  7
 16
 70
 76
  9
 65
 90
 57
 62
 87
 23
 94
 15
 35
 67
  2
 46
 90
 57
 62
 87
 23
 94
 15
 35
 67
  2
 46