50
79
17
14
13
94
46
47
96
24
78
84
59
51
99
45
31
53
29
82
19
42
33
53
37
1
16
75
25
72
12
40
37
33
12
22
59
66
78
61
10
96
59
17
19
88
62
28
32
11
50
39
14
54
76
69
99
105
63
44
74
51
30
24
30
35
48
38
12
2
64
98
1
58
41
49
101
81
61
71
44
13
100
78
106
38
80
28
68
9
39
54
67
68
88
97
59
106
93
65
20
55
54
69
91
84
41
86
78
87
103
43
65
28
79
73
21
7
31
0
67
42
70
0
88
3
61
31
41
34
10
8
22
71
68
66
49
28
57
12
40
104
67
10
14
50
3
77
6
10
21
95
96
36
35
56
51
88
77
102
20
39
14
85
39
23
101
13
74
7
57
0
105
59
53
19
88
86
71
24
15
71
64
18
25
25
45
17
16
75
104
80
97
1
41
53
65
9
79
76
61
103
37
22
86
50
43
10
105
60
65
72
9
88
42
8
54
73
97
101
0
89
49
53
86
24
43
16
46
49
96
53
15
38
0
33
93
23
24
19
15
47
39
100
22
4
91
67
80
20
71
34
74
104
70
6
75
48
78
106
44
85
24
60
66
32
77
62
12
86
0
75
80
106
62
58
84
105
69
8
42
103
18
53
37
95
88
78
62
2
17
106
97
54
51
43
48
57
37
40
68
17
20
13
52
47
51
75
41
62
80
71
95
95
14
26
95
91
64
1
10
55
43
10
88
37
55
84
25
29
3
72
26
2
83
42
64
2
74
5
68
73
70
6
12
54
99
37
58
76
18
17
22
44
80
84
90
81
63
72
97
38
15
87
99
43
42
76
28
52
58
84
36
106
53
44
30
36
56
80
104
32
93
22
36
91
25
47
12
32
1
70
83
58
7
7
40
50
66
11
86
106
34
94
6
49
104
22
37
25
96
16
31
40
98
14
103
12
42
66
9
52
72
95
86
77
65
47
59
41
39
50
47
45
73
84
59
73
69
48
62
68
59
103
16
24
79
30
94
38
78
96
68
7
9
84
1
97
90
106
38
104
66
53
57
33
95
54
28
90
54
104
45
46
84
63
36
60
83
34
25
40
17
90
29
57
47
34
91
29
8
65
52
58
46
77
84
57
104
45
87
106
69
65
53
71
44
21
98
91
93
5
105
51
78
18
78
72
70
63
27
86
14
3
39
81
36
53
56
58
25
66
32
47
23
76
92
94
72
62
0
59
59
43
4
48
72
37
59
61
99
2
71
84
104
59
30
7
102
104
95
38
56
6
60
41
6
76
95
94
4
88
64
48
27
33
49
18
32
45
73
87
51
94
63
55
105
56
31
23
72
3
89
46
81
92
88
64
55
1
29
18
31
15
14
37
103
29
89
57
60
101
8
105
36
35
13
3
15
95
76
79
9
98
92
22
55
74
70
78
42
12
41
22
95
43
91
59
41
39
59
51
81
72
65
54
12
7
65
41
72
42
6
66
32
63
79
25
73
29
41
78
6
35
15
46
52
8
52
8
37
34
50
36
59
55
11
6
104
43
47
100
70
76
44
81
100
47
106
104
67
62
32
20
29
63
5
12
80
28
61
40
3
96
71
44
94
99
77
104
13
95
26
4
14
42
19
31
91
39
90
94
57
25
59
22
103
10
100
89
101
85
38
1
90
62
95
79
103
43
19
91
24
20
76
72
13
18
23
90
11
17
25
38
58
28
53
19
90
8
92
95
68
78
84
101
51
69
85
48
106
0
23
33
26
50
41
12
92
67
54
20
99
71
91
75
36
68
95
50
63
34
32
35
92
78
10
0
95
56
97
68
60
98
16
42
52
17
95
36
90
44
1
35
4
51
66
83
95
50
20
6
67
8
57
23
68
44
104
30
31
36
58
32
47
54
85
9
4
17
57
90
38
33
68
103
36
86
97
27
98
28
26
79
84
49
1
49
58
38
28
51
11
100
29
81
41
17
72
105
66
34
72
32
57
24
104
24
10
62
28
40
97
65
90
44
98
17
89
72
74
45
50
35
74
70
48
38
93
79
17
87
43
64
57
79
104
88
43
91
93
11
19
101
103
87
56
23
51
11
6
82
75
98
22
23
63
46
4
30
22
80
63
79
91
84
40
83
10
91
101
5
38
46
88
8
60
53
8
50
41
37
64
96
37
89
61
101
94
15
19
17
98
29
29
42
77
100
28
101
98
100
20
70
38
19
62
62
10
24
77
93
102
11
101
46
91
3
19
25
82
94
16
5
64
0
51
7
6
75
